[61.62 56.3  55.6  60.42 49.44 56.2 ]
[59.51 52.83 53.51 56.14 45.5  56.2 ]
[61.24 54.16 55.23 59.69 54.92 51.93]
[57.52 52.5  51.31 56.81 51.23 53.77]
[59.51 51.09 52.91 57.17 52.41 48.32]
[54.16  0.    0.    0.    0.    0.  ]
[56.01 54.96 53.39 59.57 53.34 57.47]
[57.04 53.41 52.83 57.97 48.83 52.72]
[59.51 53.55 53.51 56.8  40.84 54.24]
[ 0.    0.    0.   10.04  0.    0.  ]
[64.34 60.66 58.94 66.77 58.51 58.45]
[53.34 43.66 43.75 49.74 44.18 42.34]
[ 0.   -0.21  0.   15.    0.    0.  ]
[0.   0.25 0.   0.   0.   0.  ]
[42.52 34.58 34.23 39.08 34.22 37.61]
[0. 0. 0. 0. 0. 0.]
[50.43 46.86 42.24 47.05 42.21 41.62]
[0. 0. 0. 0. 0. 0.]
[59.83 53.35 54.03 59.02 53.94 53.34]
[0. 0. 0. 0. 0. 0.]
[0. 0. 0. 0. 0. 0.]
[0. 0. 0. 0. 0. 0.]
[0. 0. 0. 0. 0. 0.]
[0. 0. 0. 0. 0. 0.]
[0. 0. 0. 0. 0. 0.]
[0. 0. 0. 0. 0. 0.]
[0. 0. 0. 0. 0. 0.]
[0. 0. 0. 0. 0. 0.]
[0. 0. 0. 0. 0. 0.]
